Data         Hora     Disp  Temp_atual Temp_med    Temp_min    Temp_max   Humi_atual  Humi_med    Humi_min     Humi_max
19/11/2024   12:00:00   1     26.25		26.06		25.84		26.25		55.43		54.63		49.57		56.98
19/11/2024   16:00:00   1     26.53		26.43		25.84		26.66		49.96		52.19		49.57		56.98
19/11/2024   17:00:00   1     27.95		27.10		25.84		28.29		48.14		49.79		48.01		68.61
19/11/2024   19:00:00   1     31.69		30.78		25.84		31.72		48.75		48.59		47.96		68.61
19/11/2024   20:00:00   1     31.92		31.19		25.84		31.95		49.39		48.77		47.96		68.61
19/11/2024   22:00:00   1     31.85		31.50		25.84		31.96		50.59		49.32		47.96		68.61
19/11/2024   23:00:00   1     31.72		31.55		25.84		31.96		50.99		49.59		47.96		68.61
20/11/2024   17:00:00   1     33.08		33.49		33.04		34.53		51.78		50.80		49.70		51.76
20/11/2024   18:00:00   1     33.01		33.32		32.98		34.53		52.39		51.27		49.70		52.41
20/11/2024   19:00:00   1     32.95		33.23		32.92		34.53		52.98		51.64		49.70		52.96
20/11/2024   22:00:00   1     32.58		33.03		32.55		34.53		54.74		52.62		49.70		54.77
20/11/2024   23:00:00   1     32.40		32.96		32.37		34.53		55.05		52.91		49.70		55.09
21/11/2024   09:00:00   1     32.47		32.48		32.45		32.50		50.35		50.38		50.34		50.41
21/11/2024   15:00:00   1     30.01		28.31		28.04		29.99		55.19		58.74		55.27		60.04
21/11/2024   18:00:00   1     27.60		27.60		27.38		27.66		59.20		59.47		58.67		60.86
21/11/2024   20:00:00   1     27.45		27.58		27.38		27.66		61.95		59.30		58.67		60.86
21/11/2024   21:00:00   1     27.35		27.58		27.38		27.66		62.87		59.30		58.67		60.86
21/11/2024   22:00:00   1     27.25		27.58		27.38		27.66		63.68		59.30		58.67		60.86
21/11/2024   23:00:00   1     27.15		27.58		27.38		27.66		63.81		59.30		58.67		60.86
22/11/2024   00:00:00   1     27.02		27.58		27.38		27.66		63.88		59.30		58.67		60.86
22/11/2024   09:00:00   1     26.13		26.31		26.02		26.59		63.27		63.52		62.92		64.63
22/11/2024   11:00:00   1     25.89		26.03		25.84		26.59		65.19		65.18		62.92		67.07
22/11/2024   12:00:00   1     26.12		25.92		25.81		26.59		63.79		64.87		62.92		67.07
22/11/2024   13:00:00   1     26.49		26.34		25.81		26.59		62.64		62.83		61.38		67.07
22/11/2024   14:00:00   1     26.85		26.81		25.81		28.55		62.60		61.78		57.76		67.07
22/11/2024   16:00:00   1     26.74		26.80		25.81		28.55		59.14		61.14		57.76		67.07
