Data          Hora     Disp   Temp_atual       Temp_med         Temp_min        Temp_max        Humi_atual     Humi_med      Humi_min       Humi_max
19/11/2024   12:00:00   1     26.25		26.06		25.84		26.25		55.43		54.63		49.57		56.98
                        2     26.06		25.88		25.69		26.06

19/11/2024   16:00:00   1     26.53		26.43		25.84		26.66		49.96		52.19		49.57		56.98
                        2     26.44		26.28		25.69		26.50

19/11/2024   17:00:00   1     27.95		27.10		25.84		28.29		48.14		49.79		48.01		68.61
                        2     27.88		26.93		25.69		27.88

19/11/2024   19:00:00   1     31.69		30.78		25.84		31.72		48.75		48.59		47.96		68.61
                        2     32.06		31.06		25.69		32.06

19/11/2024   20:00:00   1     31.92		31.19		25.84		31.95		49.39		48.77		47.96		68.61
                        2     32.25		31.49		25.69		32.25

19/11/2024   22:00:00   1     31.85		31.50		25.84		31.96		50.59		49.32		47.96		68.61
                        2     32.19		31.82		25.69		32.25

19/11/2024   23:00:00   1     31.72		31.55		25.84		31.96		50.99		49.59		47.96		68.61
                        2     32.06		31.87		25.69		32.25

20/11/2024   17:00:00   1     33.08		33.49		33.04		34.53		51.78		50.80		49.70		51.76
                        2     33.38		33.84		33.38		34.94

20/11/2024   18:00:00   1     33.01		33.32		32.98		34.53		52.39		51.27		49.70		52.41
                        2     33.31		33.66		33.31		34.94

20/11/2024   19:00:00   1     32.95		33.23		32.92		34.53		52.98		51.64		49.70		52.96
                        2     33.25		33.56		33.25		34.94

20/11/2024   22:00:00   1     32.58		33.03		32.55		34.53		54.74		52.62		49.70		54.77
                        2     32.88		33.36		32.88		34.94

20/11/2024   23:00:00   1     32.40		32.96		32.37		34.53		55.05		52.91		49.70		55.09
                        2     32.69		33.29		32.69		34.94

21/11/2024   09:00:00   1     32.47		32.48		32.45		32.50		50.35		50.38		50.34		50.41
                        2     32.81		32.80		32.75		32.81

21/11/2024   15:00:00   1     30.01		28.31		28.04		29.99		55.19		58.74		55.27		60.04
                        2     29.44		28.13		27.88		29.38

21/11/2024   18:00:00   1     27.60		27.60		27.38		27.66		59.20		59.47		58.67		60.86
                        2     27.44		27.44		27.31		27.50

21/11/2024   20:00:00   1     27.45		27.58		27.38		27.66		61.95		59.30		58.67		60.86
                        2     27.31		27.43		27.31		27.50

21/11/2024   21:00:00   1     27.35		27.58		27.38		27.66		62.87		59.30		58.67		60.86
                        2     27.25		27.43		27.31		27.50

21/11/2024   22:00:00   1     27.25		27.58		27.38		27.66		63.68		59.30		58.67		60.86
                        2     27.19		27.43		27.31		27.50

21/11/2024   23:00:00   1     27.15		27.58		27.38		27.66		63.81		59.30		58.67		60.86
                        2     27.06		27.43		27.31		27.50

22/11/2024   00:00:00   1     27.02		27.58		27.38		27.66		63.88		59.30		58.67		60.86
                        2     26.94		27.43		27.31		27.50

22/11/2024   09:00:00   1     26.13		26.31		26.02		26.59		63.27		63.52		62.92		64.63
                        2     26.06		26.21		26.06		26.38

22/11/2024   11:00:00   1     25.89		26.03		25.84		26.59		65.19		65.18		62.92		67.07
                        2     25.81		25.95		25.81		26.38

22/11/2024   12:00:00   1     26.12		25.92		25.81		26.59		63.79		64.87		62.92		67.07
                        2     26.00		25.85		25.81		26.38

22/11/2024   13:00:00   1     26.49		26.34		25.81		26.59		62.64		62.83		61.38		67.07
                        2     26.31		26.20		25.81		26.38

22/11/2024   14:00:00   1     26.85		26.81		25.81		28.55		62.60		61.78		57.76		67.07
                        2     26.50		26.42		25.81		27.06

22/11/2024   16:00:00   1     26.74		26.80		25.81		28.55		59.14		61.14		57.76		67.07
                        2     26.56		26.56		25.81		27.06

