Data          Hora     Bar   Temp_atual       Temp_med         Temp_min        Temp_max        Press_atual     Press_med      Press_min       Press_max
11/11/2024   08:00:00   1     28.77		26.60		23.61		28.79		941.60		941.37		940.41		942.24
11/11/2024   09:00:00   1     20.96		22.56		20.93		25.10		942.07		942.22		941.42		943.24
11/11/2024   11:00:00   1     17.90		18.90		17.85		25.10		941.09		941.81		940.40		943.24
11/11/2024   12:00:00   1     17.31		17.60		17.28		25.10		940.39		940.80		939.66		943.24
11/11/2024   13:00:00   1     17.01		17.19		16.98		25.10		939.47		939.92		938.55		943.24
11/11/2024   15:00:00   1     16.80		16.84		16.66		25.10		937.85		938.68		937.41		943.24
11/11/2024   16:00:00   1     16.52		15.81		-469.55		44.97		937.62		930.33		-1621.42		990.24
11/11/2024   17:00:00   1     17.99		17.53		17.03		18.01		937.36		937.59		936.98		938.18
11/11/2024   19:00:00   1     17.99		18.40		17.03		18.79		937.93		937.82		936.65		939.73
11/11/2024   20:00:00   1     17.22		18.05		17.03		18.79		938.90		938.05		936.65		939.73
11/11/2024   21:00:00   1     16.63		17.72		16.54		18.79		939.05		938.28		936.65		939.87
11/11/2024   22:00:00   1     16.19		17.42		15.98		18.79		938.91		938.49		936.65		940.33
11/11/2024   23:00:00   1     15.92		17.16		15.69		18.79		939.28		938.61		936.65		940.33
12/11/2024   00:00:00   1     15.52		16.93		15.43		18.79		938.44		938.64		936.65		940.33
12/11/2024   09:00:00   1     19.08		18.68		15.62		19.21		938.77		938.77		937.58		939.38
12/11/2024   10:00:00   1     18.88		19.02		15.62		19.21		938.77		938.78		937.58		939.53
12/11/2024   11:00:00   1     18.69		16.30		-469.55		44.45		938.43		916.91		-1385.86		985.33
12/11/2024   11:00:00   1     -469.55		-100.16		-469.55		44.40		-1385.40		-162.11		-1616.21		985.63
12/11/2024   12:00:00   1     18.32		13.54		-469.55		44.45		937.86		883.22		-1616.37		985.53
12/11/2024   13:00:00   1     18.36		18.28		-469.55		44.45		937.26		937.57		-1616.37		985.53
12/11/2024   14:00:00   1     18.74		18.50		-469.55		44.45		935.86		936.52		-1616.37		985.53
12/11/2024   15:00:00   1     19.03		18.99		-469.55		44.45		935.25		935.70		-1616.37		985.53
12/11/2024   16:00:00   1     18.96		18.09		-469.55		44.45		934.55		930.61		-1616.37		985.53
12/11/2024   17:00:00   1     20.15		19.82		19.26		20.21		935.26		934.61		934.10		935.40
12/11/2024   19:00:00   1     19.86		20.36		19.26		20.72		936.26		935.78		933.48		937.61
12/11/2024   20:00:00   1     19.12		20.03		19.05		20.72		937.69		936.43		933.48		938.65
12/11/2024   21:00:00   1     18.43		19.68		18.36		20.72		938.62		937.00		933.48		939.73
12/11/2024   22:00:00   1     17.87		19.34		17.78		20.72		940.46		937.45		933.48		941.35
13/11/2024   00:00:00   1     17.01		18.74		16.87		20.72		938.99		938.17		933.48		941.35
13/11/2024   08:00:00   1     12.84		12.24		11.76		12.77		940.87		940.66		940.10		941.23
13/11/2024   09:00:00   1     16.71		15.24		11.76		16.75		940.91		940.67		939.69		941.81
13/11/2024   10:00:00   1     17.43		17.14		11.76		17.47		941.28		941.09		939.69		942.06
13/11/2024   11:00:00   1     17.24		17.36		11.76		17.55		941.50		941.28		939.69		942.13
13/11/2024   12:00:00   1     17.14		17.17		11.76		17.55		941.21		941.58		939.69		942.47
13/11/2024   13:00:00   1     17.40		17.25		11.76		17.55		941.02		941.27		939.69		942.47
13/11/2024   17:00:00   1     18.43		18.14		17.75		18.46		939.48		939.22		938.43		940.49
13/11/2024   18:00:00   1     18.67		18.71		17.75		18.89		940.30		939.66		938.43		940.58
13/11/2024   19:00:00   1     17.97		18.30		17.75		18.89		941.41		940.72		938.43		941.95
13/11/2024   20:00:00   1     17.14		17.83		17.12		18.89		942.16		941.35		938.43		942.83
13/11/2024   21:00:00   1     16.56		17.47		16.49		18.89		942.61		941.73		938.43		943.48
13/11/2024   22:00:00   1     16.15		17.16		15.99		18.89		942.72		941.96		938.43		943.84
13/11/2024   23:00:00   1     15.69		16.89		15.64		18.89		942.54		942.06		938.43		943.84
14/11/2024   00:00:00   1     15.38		16.66		15.34		18.89		942.34		942.12		938.43		943.84
14/11/2024   08:00:00   1     23.06		21.32		19.74		23.04		942.70		942.63		941.81		943.44
