Data          Hora     Bar   Temp_atual       Temp_med         Temp_min        Temp_max        Press_atual     Press_med      Press_min       Press_max
11/11/2024   08:00:00   2     25.98		24.76		23.47		25.96		939.84		939.72		939.51		939.87
11/11/2024   09:00:00   2     21.61		22.90		21.61		24.66		940.55		940.51		940.28		940.71
11/11/2024   11:00:00   2     18.68		19.58		18.68		24.66		939.48		940.09		938.70		940.99
11/11/2024   12:00:00   2     18.07		18.35		18.07		24.66		938.77		939.08		937.86		940.99
11/11/2024   13:00:00   2     17.77		17.93		17.75		24.66		937.75		938.21		936.97		940.99
11/11/2024   15:00:00   2     17.54		17.56		17.46		24.66		936.27		936.95		935.56		940.99
11/11/2024   16:00:00   2     17.26		16.38		-540.03		24.66		935.86		927.43		-2173.29		943.03
11/11/2024   17:00:00   2     18.44		17.93		17.46		18.44		935.93		935.92		935.74		936.08
11/11/2024   19:00:00   2     18.84		19.21		17.46		19.55		936.56		936.13		935.74		936.59
11/11/2024   20:00:00   2     18.09		18.91		17.46		19.55		936.76		936.34		935.74		936.95
11/11/2024   21:00:00   2     17.53		18.59		17.46		19.55		937.30		936.57		935.74		937.53
11/11/2024   22:00:00   2     17.09		18.30		17.09		19.55		937.48		936.78		935.74		937.70
11/11/2024   23:00:00   2     16.73		18.05		16.73		19.55		937.23		936.90		935.74		937.70
12/11/2024   00:00:00   2     16.49		17.83		16.47		19.55		937.07		936.92		935.74		937.70
12/11/2024   09:00:00   2     22.09		20.52		15.00		22.09		937.21		937.14		936.54		937.35
12/11/2024   10:00:00   2     22.14		22.17		15.00		22.26		937.21		937.09		936.12		937.35
12/11/2024   11:00:00   2     21.95		18.92		-540.03		22.26		936.77		910.52		-2181.63		937.35
12/11/2024   11:00:00   2     -540.03		-118.79		-540.03		21.97		-2181.43		-361.97		-2181.63		936.80
12/11/2024   12:00:00   2     21.62		15.64		-540.03		22.26		936.28		872.52		-2181.63		937.35
12/11/2024   13:00:00   2     21.45		21.49		-540.03		22.26		935.29		935.85		-2181.63		937.35
12/11/2024   14:00:00   2     21.88		21.63		-540.03		22.26		934.20		934.77		-2181.63		937.35
12/11/2024   15:00:00   2     22.26		22.16		-540.03		22.30		933.70		933.96		-2181.63		937.35
12/11/2024   16:00:00   2     22.31		21.29		-540.03		22.42		932.82		927.40		-2184.89		937.35
12/11/2024   17:00:00   2     22.88		22.62		22.40		22.88		932.95		932.89		932.28		933.10
12/11/2024   19:00:00   2     22.90		23.25		22.40		23.55		935.13		934.01		931.91		935.16
12/11/2024   20:00:00   2     22.16		22.97		22.16		23.55		935.97		934.66		931.91		936.15
12/11/2024   21:00:00   2     21.50		22.64		21.48		23.55		937.04		935.23		931.91		937.14
12/11/2024   22:00:00   2     20.93		22.32		20.91		23.55		938.95		935.68		931.91		939.05
13/11/2024   00:00:00   2     20.03		21.75		20.03		23.55		936.86		936.40		931.91		939.12
13/11/2024   08:00:00   2     14.30		13.27		12.42		14.28		939.07		938.97		938.72		939.16
13/11/2024   09:00:00   2     20.41		18.24		12.42		20.41		939.10		939.01		938.39		939.31
13/11/2024   10:00:00   2     21.42		20.96		12.42		21.42		939.53		939.33		938.39		939.74
13/11/2024   11:00:00   2     21.23		21.35		12.42		21.48		939.58		939.51		938.39		939.87
13/11/2024   12:00:00   2     21.19		21.17		12.42		21.48		939.71		939.81		938.39		940.11
13/11/2024   13:00:00   2     21.23		21.17		12.42		21.48		939.28		939.49		938.21		940.76
13/11/2024   17:00:00   2     22.11		21.90		21.78		22.11		937.54		937.52		937.37		937.66
13/11/2024   18:00:00   2     22.28		22.33		21.78		22.40		938.43		937.94		937.37		938.53
13/11/2024   19:00:00   2     21.33		21.81		21.31		22.40		939.57		938.98		937.37		939.57
13/11/2024   20:00:00   2     20.57		21.27		20.57		22.40		940.35		939.57		937.37		940.45
13/11/2024   21:00:00   2     19.98		20.88		19.98		22.40		940.76		939.98		937.37		940.88
13/11/2024   22:00:00   2     19.51		20.57		19.50		22.40		940.89		940.22		937.37		941.08
13/11/2024   23:00:00   2     19.13		20.30		19.13		22.40		940.69		940.33		937.37		941.08
14/11/2024   00:00:00   2     18.82		20.07		18.82		22.40		940.71		940.39		937.37		941.08
14/11/2024   08:00:00   2     21.74		20.34		19.22		21.73		941.19		941.07		940.94		941.24
