Data          Hora     Bar   Temp_atual       Temp_med         Temp_min        Temp_max        Press_atual     Press_med      Press_min       Press_max
04/11/2024   12:00:00   1     28.31		27.74		25.97		28.43		942.23		942.32		941.57		943.25
04/11/2024   13:00:00   1     29.03		29.01		25.97		29.66		941.76		942.06		940.83		943.26
04/11/2024   14:00:00   1     30.36		30.40		25.97		31.55		941.72		941.63		940.27		943.26
04/11/2024   15:00:00   1     27.53		28.57		25.97		31.55		940.62		941.08		939.60		943.26
04/11/2024   16:00:00   1     28.57		28.00		25.97		31.55		940.45		940.54		938.68		943.26
04/11/2024   17:00:00   1     29.69		17.67		-469.55		41.33		940.14		851.18		-1588.36		985.18
05/11/2024   00:00:00   1     26.74		27.94		-469.55		41.33		942.11		941.59		-1588.36		985.18
05/11/2024   08:00:00   1     29.54		29.06		28.65		29.52		942.88		942.69		941.87		943.54
05/11/2024   10:00:00   1     33.10		31.66		28.65		33.24		942.62		942.90		941.87		943.90
05/11/2024   11:00:00   1     33.15		27.76		-469.55		40.60		942.22		907.62		-1582.85		956.22
05/11/2024   12:00:00   1     32.81		23.96		-469.55		40.60		941.91		866.13		-1582.85		985.18
05/11/2024   15:00:00   1     42.32		36.63		-469.55		44.40		939.94		933.76		-1582.85		985.18
05/11/2024   16:00:00   1     37.22		39.37		-469.55		44.40		939.54		939.84		-1582.85		985.18
06/11/2024   08:00:00   1     27.05		26.99		26.83		27.25		941.70		941.72		940.93		942.45
06/11/2024   09:00:00   1     28.70		27.86		26.83		28.70		942.06		942.06		940.93		942.63
06/11/2024   10:00:00   1     30.39		29.71		26.83		30.75		941.88		942.04		940.93		943.12
06/11/2024   11:00:00   1     31.86		24.19		-469.55		40.89		941.47		900.75		-1589.43		985.18
06/11/2024   12:00:00   1     39.51		30.37		-469.55		40.89		940.62		907.41		-1589.43		985.18
06/11/2024   14:00:00   1     33.10		33.08		-469.55		40.89		939.58		929.27		-1589.43		985.18
06/11/2024   15:00:00   1     33.05		27.19		-469.55		40.89		938.80		885.21		-1589.43		985.18
06/11/2024   17:00:00   1     32.83		34.17		-469.55		40.89		938.31		938.40		-1589.43		985.18
07/11/2024   08:00:00   1     24.55		24.68		24.43		25.05		940.58		940.58		939.95		941.21
07/11/2024   09:00:00   1     24.21		24.53		24.14		25.05		940.83		940.77		939.95		941.84
07/11/2024   10:00:00   1     24.45		21.60		-469.55		43.08		939.91		918.13		-1602.74		941.84
07/11/2024   11:00:00   1     25.17		22.87		-469.55		43.08		939.28		923.63		-1602.74		970.63
07/11/2024   12:00:00   1     25.52		17.47		-469.55		43.08		939.06		883.66		-1602.74		970.69
07/11/2024   13:00:00   1     26.12		25.54		-469.55		43.08		938.39		938.75		-1602.74		970.69
