Data          Hora     Bar   Temp_atual       Temp_med         Temp_min        Temp_max        Press_atual     Press_med      Press_min       Press_max
04/11/2024   12:00:00   2     27.84		27.41		25.86		27.87		940.49		940.61		940.43		940.81
04/11/2024   13:00:00   2     28.71		28.54		25.86		28.87		939.97		940.29		939.87		940.81
04/11/2024   14:00:00   2     30.05		29.88		25.86		30.80		939.66		939.86		939.62		940.81
04/11/2024   15:00:00   2     28.39		28.76		25.86		30.80		938.99		939.35		938.84		940.81
04/11/2024   16:00:00   2     28.66		28.35		25.86		30.80		938.88		938.82		938.61		940.81
04/11/2024   17:00:00   2     29.95		16.91		-540.03		30.80		938.79		840.43		-2276.10		1309.29
05/11/2024   00:00:00   2     27.32		28.30		-540.03		30.80		940.26		939.86		-2276.10		1309.29
05/11/2024   08:00:00   2     29.24		28.91		28.66		29.24		941.01		940.93		940.75		941.08
05/11/2024   10:00:00   2     32.19		31.01		28.66		32.36		940.88		941.12		940.75		941.35
05/11/2024   11:00:00   2     32.34		26.19		-540.03		32.73		940.45		901.43		-2302.36		941.35
05/11/2024   12:00:00   2     32.31		22.53		-540.03		33.43		940.39		860.16		-2311.52		1309.29
05/11/2024   15:00:00   2     40.94		34.98		-540.03		41.52		938.20		930.74		-2357.74		1309.29
05/11/2024   16:00:00   2     36.35		38.41		-540.03		41.52		937.71		938.01		-2357.74		1309.29
06/11/2024   08:00:00   2     27.06		27.15		26.93		27.37		940.20		940.05		939.84		940.33
06/11/2024   09:00:00   2     28.44		27.80		26.93		28.44		940.37		940.32		939.84		940.55
06/11/2024   10:00:00   2     30.15		29.38		26.93		30.29		940.05		940.32		939.84		940.55
06/11/2024   11:00:00   2     31.14		22.82		-540.03		31.13		939.62		891.20		-2281.60		1309.29
06/11/2024   12:00:00   2     37.07		29.14		-540.03		37.08		938.87		905.10		-2312.95		1309.29
06/11/2024   14:00:00   2     32.70		32.21		-540.03		37.08		937.59		925.85		-2312.95		1309.29
06/11/2024   15:00:00   2     32.55		25.91		-540.03		37.08		937.01		874.76		-2312.95		1309.29
06/11/2024   17:00:00   2     32.89		33.74		-540.03		37.08		936.32		936.66		-2312.95		1309.29
07/11/2024   08:00:00   2     24.98		24.98		24.81		25.40		938.95		938.88		938.70		939.09
07/11/2024   09:00:00   2     24.47		24.95		24.43		25.40		939.21		939.08		938.70		939.37
07/11/2024   10:00:00   2     24.67		21.47		-540.03		25.40		938.20		912.69		-2213.39		939.37
07/11/2024   11:00:00   2     25.38		22.73		-540.03		25.40		937.49		918.65		-2221.33		939.37
07/11/2024   12:00:00   2     25.91		16.44		-540.03		25.96		937.45		869.20		-2224.18		939.37
07/11/2024   13:00:00   2     26.43		25.79		-540.03		26.43		936.69		937.11		-2224.18		939.37
